p1                                                                                                                                                                                                         p2      rg      se       z           p  h2_obs  h2_obs_se  h2_int  h2_int_se  gcov_int  gcov_int_se
AGDS_AD_female     AllOfUs_AD_female  0.5200  0.0961  5.4099  6.3052e-08  0.0593     0.0077  1.0119     0.0076    0.0162       0.0053
AGDS_AD_female      Bionic_AD_female  0.7335  0.1290  5.6850  1.3079e-08  0.0699     0.0143  1.0052     0.0080    0.0008       0.0050
AGDS_AD_female  Blokland21_AD_female  0.5690  0.1115  5.1036  3.3325e-07  0.1355     0.0181  0.9932     0.0094    0.0134       0.0056
AGDS_AD_female        GLAD_AD_female  0.6603  0.2098  3.1474  1.6474e-03  0.0671     0.0248  0.9912     0.0076    0.0020       0.0056
AGDS_AD_female         UKB_AD_female  0.7839  0.0854  9.1763  4.4611e-20  0.0920     0.0075  1.0086     0.0092   -0.0028       0.0061
AGDS_AD_female            AGDS_AD_male  0.9613  0.2002  4.8004  1.5837e-06  0.1647     0.0452  1.0126     0.0071    0.0226       0.0054
AGDS_AD_female         AllOfUs_AD_male  0.5366  0.1408  3.8115  1.3811e-04  0.0470     0.0121  0.9974     0.0080    0.0048       0.0055
AGDS_AD_female          Bionic_AD_male  0.4310  0.1602  2.6901  7.1427e-03  0.0773     0.0216  1.0000     0.0076    0.0012       0.0054
AGDS_AD_female      Blokland21_AD_male  0.6077  0.1643  3.6979  2.1736e-04  0.0767     0.0203  1.0188     0.0090    0.0146       0.0063
AGDS_AD_female            GLAD_AD_male  0.8759  0.3690  2.3738  1.7608e-02  0.0977     0.0680  0.9928     0.0079   -0.0057       0.0055
AGDS_AD_female             UKB_AD_male  0.6831  0.0928  7.3628  1.8006e-13  0.0753     0.0077  1.0078     0.0080    0.0052       0.0059
AllOfUs_AD_female      Bionic_AD_female  0.8848  0.1430   6.1884  6.0765e-10  0.0674     0.0131  1.0062     0.0069   -0.0007       0.0054
AllOfUs_AD_female  Blokland21_AD_female  0.8180  0.1149   7.1214  1.0687e-12  0.1281     0.0176  0.9996     0.0089    0.0052       0.0066
AllOfUs_AD_female        GLAD_AD_female  0.5287  0.1694   3.1213  1.8004e-03  0.0656     0.0226  0.9930     0.0066    0.0025       0.0049
AllOfUs_AD_female         UKB_AD_female  0.9313  0.0775  12.0222  2.7153e-33  0.0895     0.0071  1.0114     0.0080   -0.0074       0.0051
AllOfUs_AD_female            AGDS_AD_male  0.6478  0.1546   4.1907  2.7809e-05  0.1662     0.0462  1.0122     0.0072    0.0114       0.0052
AllOfUs_AD_female         AllOfUs_AD_male  1.0417  0.1817   5.7320  9.9245e-09  0.0397     0.0117  1.0036     0.0070   -0.0005       0.0044
AllOfUs_AD_female          Bionic_AD_male  0.6925  0.1693   4.0909  4.2974e-05  0.0717     0.0207  1.0009     0.0073    0.0010       0.0048
AllOfUs_AD_female      Blokland21_AD_male  1.0237  0.1935   5.2906  1.2189e-07  0.0654     0.0195  1.0235     0.0084   -0.0045       0.0060
AllOfUs_AD_female            GLAD_AD_male  1.0025  0.3570   2.8082  4.9817e-03  0.0979     0.0664  0.9938     0.0071   -0.0038       0.0047
AllOfUs_AD_female             UKB_AD_male  0.8001  0.0855   9.3635  7.7162e-21  0.0685     0.0070  1.0144     0.0066    0.0048       0.0046
Bionic_AD_female  Blokland21_AD_female  0.8148  0.1673  4.8713  1.1089e-06  0.1291     0.0174  0.9992     0.0089    0.0048       0.0068
Bionic_AD_female        GLAD_AD_female  0.4388  0.2005  2.1879  2.8679e-02  0.0626     0.0235  0.9940     0.0074    0.0049       0.0046
Bionic_AD_female         UKB_AD_female  0.8809  0.1209  7.2877  3.1535e-13  0.0885     0.0070  1.0129     0.0083    0.0004       0.0056
Bionic_AD_female            AGDS_AD_male  0.6009  0.2079  2.8904  3.8474e-03  0.1624     0.0459  1.0128     0.0072    0.0035       0.0057
Bionic_AD_female         AllOfUs_AD_male  0.7706  0.1785  4.3177  1.5769e-05  0.0424     0.0115  1.0013     0.0074   -0.0005       0.0044
Bionic_AD_female          Bionic_AD_male  1.0839  0.2265  4.7859  1.7020e-06  0.0731     0.0207  1.0005     0.0070    0.0306       0.0050
Bionic_AD_female      Blokland21_AD_male  1.1095  0.2493  4.4504  8.5720e-06  0.0691     0.0194  1.0211     0.0087    0.0043       0.0059
Bionic_AD_female            GLAD_AD_male  0.7885  0.3438  2.2934  2.1824e-02  0.0954     0.0703  0.9940     0.0073   -0.0005       0.0048
Bionic_AD_female             UKB_AD_male  0.9037  0.1215  7.4387  1.0166e-13  0.0716     0.0075  1.0100     0.0077    0.0014       0.0054
Blokland21_AD_female    GLAD_AD_female  0.5018  0.2600   1.9303  5.3569e-02  0.0516     0.0274  0.9958     0.0096    0.0075       0.0070
Blokland21_AD_female     UKB_AD_female  0.8793  0.0833  10.5595  4.5919e-26  0.0863     0.0078  1.0127     0.0110   -0.0015       0.0075
Blokland21_AD_female        AGDS_AD_male  0.7536  0.2000   3.7685  1.6421e-04  0.1441     0.0495  1.0185     0.0087   -0.0054       0.0062
Blokland21_AD_female     AllOfUs_AD_male  0.3323  0.1496   2.2217  2.6304e-02  0.0418     0.0121  0.9978     0.0089    0.0119       0.0062
Blokland21_AD_female      Bionic_AD_male  0.7302  0.1994   3.6630  2.4928e-04  0.0725     0.0240  0.9986     0.0096   -0.0066       0.0067
Blokland21_AD_female  Blokland21_AD_male  0.9095  0.1834   4.9580  7.1219e-07  0.0662     0.0186  1.0232     0.0081    0.0115       0.0069
Blokland21_AD_female        GLAD_AD_male  0.6084  0.2559   2.3776  1.7428e-02  0.1282     0.0795  0.9839     0.0101   -0.0032       0.0066
Blokland21_AD_female         UKB_AD_male  0.7367  0.1002   7.3507  1.9711e-13  0.0641     0.0082  1.0178     0.0100    0.0062       0.0067
GLAD_AD_female     UKB_AD_female  0.5310  0.1391  3.8168  0.0001  0.0899     0.0075  1.0108     0.0085    0.0069       0.0047
GLAD_AD_female        AGDS_AD_male  0.7513  0.3002  2.5026  0.0123  0.1389     0.0489  1.0180     0.0077    0.0085       0.0055
GLAD_AD_female     AllOfUs_AD_male  0.4652  0.2189  2.1256  0.0335  0.0436     0.0121  1.0001     0.0073    0.0057       0.0044
GLAD_AD_female      Bionic_AD_male  0.6506  0.2833  2.2966  0.0216  0.0682     0.0218  1.0016     0.0074    0.0012       0.0049
GLAD_AD_female  Blokland21_AD_male  0.0316  0.2843  0.1112  0.9115  0.0636     0.0202  1.0253     0.0090    0.0248       0.0068
GLAD_AD_female        GLAD_AD_male  0.8058  0.4268  1.8881  0.0590  0.0962     0.0662  0.9939     0.0071    0.0016       0.0050
GLAD_AD_female         UKB_AD_male  0.3911  0.1467  2.6656  0.0077  0.0711     0.0075  1.0110     0.0068    0.0047       0.0051
UKB_AD_female        AGDS_AD_male  0.6922  0.1362   5.0808  3.7588e-07  0.1607     0.0457  1.0136     0.0071  3.8610e-04       0.0052
UKB_AD_female     AllOfUs_AD_male  0.7221  0.1124   6.4221  1.3444e-10  0.0417     0.0115  1.0019     0.0072 -2.8546e-03       0.0046
UKB_AD_female      Bionic_AD_male  0.8337  0.1322   6.3052  2.8779e-10  0.0720     0.0203  1.0008     0.0070 -5.7391e-03       0.0050
UKB_AD_female  Blokland21_AD_male  1.0023  0.1603   6.2522  4.0463e-10  0.0655     0.0193  1.0235     0.0085 -7.9674e-05       0.0071
UKB_AD_female        GLAD_AD_male  0.9620  0.3381   2.8451  4.4401e-03  0.1021     0.0666  0.9929     0.0072 -2.3416e-03       0.0049
UKB_AD_female         UKB_AD_male  1.0330  0.0672  15.3696  2.6163e-53  0.0684     0.0069  1.0143     0.0067  1.9580e-03       0.0052
AGDS_AD_male     AllOfUs_AD_male  0.7328  0.2028  3.6131  3.0258e-04  0.0468     0.0120  0.9977     0.0081    0.0035       0.0048
AGDS_AD_male      Bionic_AD_male  0.7273  0.2200  3.3054  9.4825e-04  0.0766     0.0216  1.0003     0.0076    0.0003       0.0052
AGDS_AD_male  Blokland21_AD_male  1.1092  0.2763  4.0141  5.9664e-05  0.0765     0.0203  1.0190     0.0090   -0.0010       0.0061
AGDS_AD_male        GLAD_AD_male  0.5037  0.4462  1.1288  2.5896e-01  0.0978     0.0679  0.9927     0.0078   -0.0017       0.0055
AGDS_AD_male         UKB_AD_male  1.1186  0.1778  6.2931  3.1127e-10  0.0750     0.0077  1.0083     0.0080   -0.0111       0.0056
AllOfUs_AD_male      Bionic_AD_male  0.7332  0.2438  3.0070  2.6383e-03  0.0716     0.0207  1.0010     0.0073    0.0035       0.0052
AllOfUs_AD_male  Blokland21_AD_male  0.7249  0.2420  2.9954  2.7408e-03  0.0653     0.0194  1.0236     0.0084    0.0061       0.0059
AllOfUs_AD_male        GLAD_AD_male  0.9859  0.4240  2.3253  2.0054e-02  0.0982     0.0664  0.9938     0.0071   -0.0077       0.0049
AllOfUs_AD_male         UKB_AD_male  0.9666  0.1543  6.2631  3.7741e-10  0.0685     0.0070  1.0145     0.0066   -0.0040       0.0049
Bionic_AD_male  Blokland21_AD_male  1.1095  0.2872  3.8631  1.1196e-04  0.0688     0.0191  1.0215     0.0086    0.0073       0.0064
Bionic_AD_male        GLAD_AD_male  0.6502  0.3833  1.6964  8.9811e-02  0.1001     0.0693  0.9932     0.0074    0.0018       0.0052
Bionic_AD_male         UKB_AD_male  0.8505  0.1529  5.5645  2.6292e-08  0.0714     0.0075  1.0103     0.0076   -0.0020       0.0048
Blokland21_AD_male  GLAD_AD_male  1.4233  0.5225  2.7238  6.4532e-03  0.1318     0.0806  0.9832     0.0100   -0.0038       0.0070
Blokland21_AD_male   UKB_AD_male  1.5068  0.2362  6.3804  1.7668e-10  0.0637     0.0081  1.0186     0.0096   -0.0181       0.0063
GLAD_AD_male  UKB_AD_male  0.9572  0.3372  2.8383  0.0045  0.0714     0.0076  1.0107      0.007   -0.0055       0.0051
